1 6 <e> 24
2 8 <e> 15
3 8 <e> 11
4 14 <e> 21
5 32 <e> 43
6 29 <e> 19
7 20 <e> 16
8 1 <e> 26
9 14 <e> 10
10 5 <e> 19
11 5 <e> 13
12 3 <e> 27
13 6 <e> 34
14 2 <e> 4
15 6 <e> 13
16 19 <e> 5
17 1 <e> 13
18 10 <e> 14
19 17 <e> 24
20 2 <e> 12
21 7 <e> 1
22 54 <e> 28
23 14 <e> 31
24 13 <e> 27
25 6 <e> 9
26 25 <e> 34
27 6 <e> 19
28 7 <e> 2
29 6 <e> 14
30 1 <e> 38
31 39 <e> 26
32 20 <e> 27
33 7 <e> 16
34 26 <e> 15
35 18 <e> 12
36 21 <e> 9
37 41 <e> 9
38 24 <e> 1
39 42 <e> 22
40 8 <e> 1
41 7 <e> 1
42 20 <e> 29
43 19 <e> 22
44 22 <e> 11
45 19 <e> 1
46 7 <e> 19
47 8 <e> 17
48 1 <e> 22
49 34 <e> 21
50 11 <e> 6
51 5 <e> 10
52 6 <e> 32
53 16 <e> 21
54 32 <e> 40
55 40 <e> 48
56 6 <e> 16
57 16 <e> 21
58 32 <e> 40
59 17 <e> 41
60 1 <e> 13
61 20 <e> 29
62 11 <e> 27
63 3 <e> 12
64 3 <e> 24
65 10 <e> 19
66 28 <e> 13
67 3 <e> 13
68 3 <e> 13
69 33 <e> 42
70 26 <e> 33
71 3 <e> 18
72 1 <e> 10
73 1 <e> 15
74 2 <e> 36
75 21 <e> 5
76 3 <e> 30
77 1 <e> 6
78 2 <e> 14
79 26 <e> 39
80 27 <e> 35
81 24 <e> 28
82 6 <e> 24
83 29 <e> 19
84 21 <e> 8
85 23 <e> 4
86 5 <e> 19
87 6 <e> 13
88 13 <e> 26
89 2 <e> 13
90 1 <e> 14
91 1 <e> 12
92 10 <e> 4
93 1 <e> 19
94 7 <e> 1
95 13 <e> 27
96 7 <e> 1
97 13 <e> 27
98 6 <e> 14
99 13 <e> 7
100 21 <e> 28
101 3 <e> 18
102 17 <e> 9
103 16 <e> 11
104 6 <e> 15
105 26 <e> 15
106 21 <e> 15
107 14 <e> 23
108 24 <e> 27
109 3 <e> 6
110 22 <e> 29
111 10 <e> 5
112 3 <e> 21
113 1 <e> 22
114 17 <e> 24
115 33 <e> 39
116 19 <e> 22
117 7 <e> 9
118 19 <e> 27
119 22 <e> 24
120 9 <e> 26
121 1 <e> 19
122 26 <e> 16
123 3 <e> 19
124 4 <e> 45
125 6 <e> 24
126 16 <e> 23
127 10 <e> 16
128 29 <e> 19
129 23 <e> 12
130 21 <e> 8
131 23 <e> 14
132 5 <e> 14
133 4 <e> 6
134 5 <e> 7
135 14 <e> 8
136 13 <e> 18
137 3 <e> 7
138 1 <e> 15
139 13 <e> 9
140 7 <e> 15
141 13 <e> 29
142 5 <e> 12
143 21 <e> 27
144 3 <e> 10
145 16 <e> 23
146 11 <e> 1
147 13 <e> 22
148 18 <e> 26
149 7 <e> 17
150 1 <e> 4
151 8 <e> 18
152 6 <e> 16
153 1 <e> 4
154 8 <e> 18
155 6 <e> 15
156 1 <e> 17
157 7 <e> 17
158 26 <e> 9
159 2 <e> 18
160 4 <e> 19
161 17 <e> 24
162 28 <e> 22
163 24 <e> 11
164 1 <e> 11
165 1 <e> 10
166 3 <e> 8
167 3 <e> 13
168 22 <e> 10
169 35 <e> 1
170 40 <e> 32
171 14 <e> 1
172 3 <e> 12
173 9 <e> 30
174 9 <e> 19
175 4 <e> 49
176 37 <e> 47
177 25 <e> 41
178 11 <e> 25
179 3 <e> 8
180 4 <e> 9
181 30 <e> 21
182 10 <e> 17
183 16 <e> 10
184 17 <e> 20
185 24 <e> 14
186 26 <e> 20
187 22 <e> 16
188 9 <e> 18
189 6 <e> 16
190 1 <e> 10
191 2 <e> 7
192 6 <e> 20
193 10 <e> 14
194 3 <e> 10
195 3 <e> 13
196 17 <e> 28
197 7 <e> 17
198 8 <e> 16
199 4 <e> 47
200 14 <e> 9
201 2 <e> 5
202 20 <e> 15
203 3 <e> 11
204 1 <e> 5
205 6 <e> 22
206 29 <e> 42
207 29 <e> 42
208 26 <e> 32
209 3 <e> 12
210 18 <e> 28
211 29 <e> 35
212 24 <e> 26
213 39 <e> 6
214 23 <e> 30
215 41 <e> 27
216 7 <e> 11
217 22 <e> 33
218 36 <e> 26
219 11 <e> 15
220 7 <e> 1
221 1 <e> 17
222 11 <e> 22
223 21 <e> 14
224 29 <e> 22
225 7 <e> 1
226 4 <e> 15
227 12 <e> 18
228 3 <e> 10
229 69 <e> 76
230 3 <e> 9
231 11 <e> 17
232 32 <e> 26
233 27 <e> 37
234 43 <e> 20
235 29 <e> 20
236 43 <e> 51
237 1 <e> 3
238 33 <e> 36
239 10 <e> 13
240 11 <e> 7
241 9 <e> 4
242 7 <e> 3
243 18 <e> 32
244 29 <e> 37
245 19 <e> 27
246 16 <e> 22
247 7 <e> 16
248 6 <e> 12
249 18 <e> 9
250 20 <e> 11
251 26 <e> 34
252 13 <e> 21
253 5 <e> 13
254 2 <e> 14
255 2 <e> 11
256 8 <e> 5
257 2 <e> 14
258 6 <e> 18
259 4 <e> 13
260 2 <e> 14
261 3 <e> 7
262 3 <e> 9
263 2 <e> 9
264 13 <e> 22
265 8 <e> 14
266 6 <e> 12
267 14 <e> 22
268 17 <e> 25
269 13 <e> 6
270 17 <e> 22
271 7 <e> 13
272 25 <e> 17
273 18 <e> 24
274 6 <e> 12
275 12 <e> 19
276 7 <e> 13
277 4 <e> 9
278 40 <e> 32
279 7 <e> 26
280 40 <e> 52
281 10 <e> 17
282 1 <e> 9
283 8 <e> 14
284 7 <e> 14
285 2 <e> 21
286 8 <e> 14
287 9 <e> 18
288 8 <e> 15
289 7 <e> 13
290 6 <e> 22
291 9 <e> 25
292 9 <e> 16
293 7 <e> 16
294 4 <e> 17
295 7 <e> 13
296 6 <e> 11
297 1 <e> 5
298 14 <e> 21
299 14 <e> 21
300 2 <e> 8
301 9 <e> 28
302 13 <e> 20
303 34 <e> 37
304 3 <e> 7
305 1 <e> 8
306 9 <e> 25
307 19 <e> 26
308 6 <e> 12
309 6 <e> 20
310 14 <e> 21
311 6 <e> 10
312 13 <e> 20
313 18 <e> 24
314 32 <e> 27
315 7 <e> 11
316 25 <e> 16
317 17 <e> 24
318 22 <e> 26
319 11 <e> 9
320 7 <e> 11
321 6 <e> 13
322 7 <e> 13
323 14 <e> 36
324 10 <e> 18
325 7 <e> 16
326 8 <e> 11
327 8 <e> 18
328 13 <e> 20
329 5 <e> 32
330 8 <e> 14
331 14 <e> 22
332 17 <e> 24
333 6 <e> 19
334 2 <e> 10
335 11 <e> 8
336 7 <e> 14
337 6 <e> 13
338 7 <e> 13
339 3 <e> 19
340 7 <e> 25
341 13 <e> 20
342 8 <e> 14
343 5 <e> 19
344 2 <e> 7
345 7 <e> 14
346 9 <e> 25
347 9 <e> 16
348 7 <e> 16
349 7 <e> 13
350 14 <e> 21
351 6 <e> 12
352 14 <e> 21
353 6 <e> 12
354 13 <e> 20
355 19 <e> 26
356 6 <e> 12
357 9 <e> 13
358 6 <e> 10
359 19 <e> 25
360 7 <e> 11
361 10 <e> 22
362 5 <e> 19
363 5 <e> 20
364 5 <e> 11
365 19 <e> 22
366 14 <e> 11
367 14 <e> 22
368 17 <e> 25
369 11 <e> 17
370 7 <e> 13
371 4 <e> 1
372 20 <e> 17
373 13 <e> 20
374 6 <e> 13
375 6 <e> 22
376 9 <e> 25
377 9 <e> 16
378 6 <e> 12
379 14 <e> 21
380 12 <e> 18
381 20 <e> 35
382 6 <e> 12
383 2 <e> 4
384 13 <e> 20
385 1 <e> 7
386 5 <e> 9
387 18 <e> 25
388 6 <e> 12
389 9 <e> 13
390 6 <e> 10
391 18 <e> 24
392 34 <e> 15
393 2 <e> 6
394 4 <e> 15
395 27 <e> 40
396 22 <e> 27
397 12 <e> 3
398 2 <e> 8
399 3 <e> 15
400 2 <e> 37
401 3 <e> 21
402 3 <e> 22
403 22 <e> 41
404 2 <e> 11
405 2 <e> 20
406 2 <e> 27
407 3 <e> 31
408 1 <e> 7
409 2 <e> 17
410 1 <e> 4
411 10 <e> 20
412 33 <e> 28
413 10 <e> 6
414 13 <e> 16
415 49 <e> 64
416 8 <e> 12
417 10 <e> 26
418 3 <e> 11
419 2 <e> 5
420 4 <e> 8
421 14 <e> 42
422 14 <e> 31
423 13 <e> 19
424 28 <e> 31
425 16 <e> 18
426 5 <e> 27
427 4 <e> 37
428 10 <e> 18
429 2 <e> 12
430 5 <e> 19
431 2 <e> 13
432 1 <e> 11
433 3 <e> 39
434 1 <e> 21
435 1 <e> 7
436 5 <e> 18
437 3 <e> 26
438 12 <e> 33
439 13 <e> 32
440 1 <e> 31
441 5 <e> 28
442 4 <e> 19
443 10 <e> 32
444 1 <e> 15
445 6 <e> 8
446 1 <e> 16
447 23 <e> 27
448 6 <e> 10
449 10 <e> 33
450 4 <e> 20
451 28 <e> 30
452 4 <e> 14
453 21 <e> 35
454 9 <e> 12
455 3 <e> 15
456 2 <e> 15
457 4 <e> 25
458 5 <e> 17
459 11 <e> 14
460 9 <e> 16
461 2 <e> 23
462 3 <e> 8
463 1 <e> 3
464 7 <e> 37
465 5 <e> 11
466 29 <e> 38
467 2 <e> 18
468 27 <e> 34
469 9 <e> 18
470 6 <e> 19
471 5 <e> 23
472 5 <e> 31
473 7 <e> 16
474 9 <e> 18
475 2 <e> 19
476 2 <e> 22
477 4 <e> 6
478 2 <e> 15
479 16 <e> 33
480 5 <e> 14
481 19 <e> 38
482 4 <e> 12
483 1 <e> 20
484 8 <e> 19
485 1 <e> 22
486 1 <e> 3
487 10 <e> 15
488 6 <e> 30
489 3 <e> 18
490 7 <e> 16
491 1 <e> 14
492 4 <e> 12
493 11 <e> 27
494 7 <e> 9
495 10 <e> 25
496 1 <e> 16
497 4 <e> 16
498 24 <e> 27
499 6 <e> 18
500 14 <e> 18
501 1 <e> 28
502 1 <e> 6
503 8 <e> 11
504 1 <e> 28
505 1 <e> 17
506 2 <e> 25
507 4 <e> 13
508 9 <e> 19
509 3 <e> 19
510 11 <e> 41
511 2 <e> 27
512 1 <e> 7
513 8 <e> 37
514 10 <e> 12
515 5 <e> 13
516 3 <e> 30
517 2 <e> 14
518 5 <e> 22
519 6 <e> 16
520 7 <e> 9
521 10 <e> 19
522 2 <e> 18
523 4 <e> 34
524 1 <e> 8
525 12 <e> 18
526 6 <e> 11
527 1 <e> 37
528 4 <e> 9
529 4 <e> 28
530 10 <e> 25
531 2 <e> 6
532 1 <e> 15
533 5 <e> 30
534 5 <e> 8
535 13 <e> 23
536 1 <e> 11
537 8 <e> 33
538 1 <e> 12
539 2 <e> 14
540 17 <e> 31
541 6 <e> 18
542 2 <e> 28
543 2 <e> 26
544 4 <e> 17
545 4 <e> 12
546 10 <e> 24
547 1 <e> 15
548 3 <e> 10
549 1 <e> 12
550 2 <e> 9
551 2 <e> 14
552 2 <e> 9
553 3 <e> 22
554 2 <e> 8
555 6 <e> 8
556 1 <e> 3
557 3 <e> 5
558 2 <e> 13
559 4 <e> 7
560 7 <e> 26
561 17 <e> 32
562 7 <e> 26
563 2 <e> 28
564 8 <e> 26
565 1 <e> 22
566 17 <e> 21
567 10 <e> 40
568 36 <e> 42
569 9 <e> 19
570 5 <e> 12
571 12 <e> 38
572 9 <e> 14
573 6 <e> 14
574 4 <e> 18
575 1 <e> 11
576 3 <e> 22
577 19 <e> 22
578 12 <e> 15
579 4 <e> 9
580 1 <e> 14
581 1 <e> 29
582 2 <e> 28
583 2 <e> 24
584 1 <e> 23
585 5 <e> 7
586 1 <e> 24
587 12 <e> 25
588 2 <e> 12
589 5 <e> 18
590 1 <e> 26
591 3 <e> 8
592 6 <e> 28
593 5 <e> 9
594 6 <e> 19
595 20 <e> 32
596 2 <e> 12
597 6 <e> 18
598 5 <e> 27
599 7 <e> 15
600 1 <e> 22
601 13 <e> 18
602 3 <e> 21
603 1 <e> 36
604 9 <e> 24
605 4 <e> 16
606 10 <e> 18
607 1 <e> 14
608 3 <e> 26
609 1 <e> 27
610 31 <e> 53
611 2 <e> 26
612 6 <e> 13
613 4 <e> 21
614 3 <e> 33
615 15 <e> 33
616 1 <e> 13
617 9 <e> 15
618 8 <e> 25
619 5 <e> 15
620 1 <e> 20
621 10 <e> 40
622 7 <e> 12
623 1 <e> 17
624 4 <e> 13
625 4 <e> 19
626 3 <e> 7
627 2 <e> 35
628 1 <e> 29
629 20 <e> 32
630 11 <e> 20
631 2 <e> 25
632 24 <e> 38
633 1 <e> 23
634 1 <e> 29
635 2 <e> 24
636 5 <e> 20
637 1 <e> 34
638 4 <e> 11
639 1 <e> 25
640 9 <e> 10
641 7 <e> 19
642 28 <e> 34
643 6 <e> 13
644 11 <e> 23
645 3 <e> 14
646 16 <e> 27
647 1 <e> 33
648 2 <e> 13
649 1 <e> 13
650 9 <e> 15
651 16 <e> 28
652 1 <e> 9
653 3 <e> 6
654 2 <e> 16
655 3 <e> 5
656 3 <e> 29
657 10 <e> 15
658 3 <e> 18
659 3 <e> 11
660 3 <e> 34
661 3 <e> 41
662 2 <e> 16
663 7 <e> 21
664 5 <e> 44
665 1 <e> 30
666 2 <e> 18
667 5 <e> 35
668 1 <e> 15
669 38 <e> 44
670 3 <e> 21
671 3 <e> 29
672 3 <e> 13
673 8 <e> 24
674 6 <e> 31
675 1 <e> 36
676 17 <e> 30
677 4 <e> 9
678 16 <e> 37
679 8 <e> 28
680 5 <e> 31
681 20 <e> 32
682 14 <e> 16
683 19 <e> 30
684 1 <e> 7
685 3 <e> 49
686 5 <e> 28
687 1 <e> 14
688 7 <e> 20
689 10 <e> 15
690 4 <e> 18
691 2 <e> 36
692 32 <e> 34
693 8 <e> 23
694 12 <e> 36
695 1 <e> 11
696 2 <e> 22
697 1 <e> 19
698 7 <e> 27
699 18 <e> 21
700 11 <e> 36
701 1 <e> 13
702 11 <e> 36
703 3 <e> 26
704 1 <e> 13
705 21 <e> 28
706 1 <e> 46
707 1 <e> 21
708 3 <e> 41
709 3 <e> 27
710 1 <e> 15
711 1 <e> 14
712 10 <e> 41
713 9 <e> 11
714 21 <e> 34
715 5 <e> 9
716 5 <e> 28
717 2 <e> 8
718 1 <e> 22
719 18 <e> 24
720 16 <e> 29
721 1 <e> 32
722 44 <e> 51
723 2 <e> 14
724 2 <e> 29
725 2 <e> 25
726 2 <e> 4
727 1 <e> 23
728 13 <e> 24
729 11 <e> 33
730 5 <e> 32
731 9 <e> 25
732 8 <e> 13
733 16 <e> 65
734 1 <e> 6
735 1 <e> 12
736 1 <e> 14
737 8 <e> 25
738 1 <e> 24
739 3 <e> 27
740 39 <e> 49
741 23 <e> 27
742 2 <e> 26
743 11 <e> 20
744 8 <e> 14
745 15 <e> 27
746 2 <e> 23
747 1 <e> 3
748 22 <e> 44
749 2 <e> 14
750 5 <e> 44
751 2 <e> 4
752 8 <e> 20
753 10 <e> 30
754 12 <e> 29
755 17 <e> 27
756 1 <e> 40
757 4 <e> 40
758 2 <e> 6
759 3 <e> 15
760 2 <e> 38
761 8 <e> 15
762 2 <e> 35
763 22 <e> 35
764 1 <e> 28
765 12 <e> 23
766 5 <e> 17
767 3 <e> 20
768 9 <e> 37
769 2 <e> 12
770 3 <e> 19
771 3 <e> 34
772 1 <e> 31
773 11 <e> 18
774 21 <e> 36
775 2 <e> 16
776 4 <e> 11
777 8 <e> 21
778 9 <e> 83
779 10 <e> 12
780 3 <e> 19
781 19 <e> 25
782 14 <e> 19
783 2 <e> 16
784 4 <e> 25
785 1 <e> 14
786 3 <e> 27
787 8 <e> 28
788 2 <e> 34
789 4 <e> 23
790 11 <e> 30
791 2 <e> 40
792 15 <e> 32
793 1 <e> 38
794 15 <e> 67
795 1 <e> 3
796 10 <e> 33
797 8 <e> 14
798 4 <e> 19
799 1 <e> 4
800 6 <e> 18
801 7 <e> 27
802 35 <e> 52
803 2 <e> 7
804 5 <e> 23
805 31 <e> 33
806 3 <e> 17
807 1 <e> 4
808 5 <e> 26
809 10 <e> 20
810 6 <e> 11
811 1 <e> 27
812 2 <e> 6
813 2 <e> 36
814 7 <e> 14
815 6 <e> 22
816 3 <e> 35
817 3 <e> 14
818 4 <e> 30
819 1 <e> 17
820 14 <e> 28
821 6 <e> 21
822 1 <e> 12
823 6 <e> 46
824 6 <e> 22
825 21 <e> 29
826 11 <e> 15
827 9 <e> 17
828 1 <e> 23
829 15 <e> 20
830 3 <e> 16
831 36 <e> 49
832 7 <e> 11
833 7 <e> 16
834 13 <e> 20
835 1 <e> 16
836 2 <e> 15
837 12 <e> 21
838 2 <e> 13
839 11 <e> 13
840 1 <e> 37
841 1 <e> 24
842 5 <e> 20
843 3 <e> 14
844 10 <e> 24
845 2 <e> 27
846 1 <e> 25
847 25 <e> 38
848 5 <e> 24
849 1 <e> 8
850 11 <e> 15
851 2 <e> 12
852 7 <e> 27
853 1 <e> 17
854 9 <e> 11
855 11 <e> 16
856 17 <e> 43
857 26 <e> 30
858 8 <e> 17
859 1 <e> 19
860 9 <e> 19
861 2 <e> 21
862 2 <e> 9
863 1 <e> 25
864 6 <e> 27
865 4 <e> 27
866 18 <e> 22
867 16 <e> 18
868 10 <e> 20
869 11 <e> 34
870 6 <e> 20
871 5 <e> 25
872 12 <e> 17
873 18 <e> 22
874 1 <e> 17
875 1 <e> 39
876 1 <e> 9
877 2 <e> 7
878 11 <e> 37
879 2 <e> 15
880 14 <e> 33
881 3 <e> 27
882 10 <e> 32
883 12 <e> 16
884 35 <e> 37
885 15 <e> 23
886 1 <e> 43
887 1 <e> 35
888 2 <e> 27
889 7 <e> 40
890 21 <e> 25
891 32 <e> 37
892 21 <e> 34
893 5 <e> 15
894 6 <e> 26
895 1 <e> 27
896 8 <e> 13
897 12 <e> 25
898 3 <e> 13
899 4 <e> 31
900 1 <e> 34
901 4 <e> 7
902 2 <e> 22
903 2 <e> 46
904 1 <e> 40
905 4 <e> 34
906 2 <e> 12
907 1 <e> 10
908 7 <e> 31
909 9 <e> 23
910 24 <e> 36
911 23 <e> 26
912 6 <e> 13
913 4 <e> 17
914 16 <e> 22
915 2 <e> 31
916 5 <e> 34
917 4 <e> 12
918 5 <e> 28
919 4 <e> 30
920 1 <e> 27
921 1 <e> 33
922 3 <e> 6
923 1 <e> 3
924 67 <e> 88
925 5 <e> 16
926 22 <e> 28
